1 190716 190719
1 190720 190720
1 190721 190721
1 190723 190723
1 190724 190724
1 190725 190726
1 190728 190805
1 190807 190809
1 190810 190817
1 190819 190819
1 190820 190826
1 190827 190827
1 190829 190901
1 190902 190908
1 190909 190909
1 190910 190916
1 190922 190923
1 190924 190927
1 190928 191001
1 191002 191009
1 191013 191014
1 191015 191015
1 191016 191020
1 191021 191022
1 191023 191023
1 191024 191025
1 191026 191026
1 191027 191102
1 191105 191107
1 191108 191108
1 191110 191110
1 191111 191112
1 191111 191111
1 191112 191113
1 191114 191120
1 191121 191123
1 191125 191127
1 191128 191128
1 191129 191129
1 191130 191130
1 191201 191203
1 191204 191204
1 191205 191205
1 191206 191206
1 191212 191212
1 191213 191220
1 191221 191231
2 190718 190719
2 190720 190720
2 190721 190721
2 190723 190723
2 190724 190724
2 190725 190726
2 190728 190805
2 190807 190809
2 190810 190817
2 190819 190819
2 190820 190826
2 190827 190827
2 190829 190901
2 190902 190908
2 190909 190909
2 190910 190916
2 190922 190923
2 190924 190927
2 190928 191001
2 191002 191009
2 191010 191010
2 191013 191014
2 191015 191015
2 191016 191020
2 191022 191022
2 191023 191023
2 191024 191025
2 191026 191026
2 191027 191102
2 191105 191107
2 191108 191108
2 191110 191110
2 191111 191111
2 191112 191112
2 191112 191113
2 191114 191120
2 191122 191123
2 191125 191127
2 191128 191128
2 191129 191129
2 191130 191130
2 191202 191203
2 191204 191204
2 191205 191205
2 191206 191206
2 191212 191212
2 191213 191220
2 191222 191231
3 190720 190720
3 190721 190721
3 190723 190723
3 190724 190724
3 190725 190726
3 190728 190805
3 190807 190809
3 190810 190817
3 190819 190819
3 190820 190826
3 190827 190827
3 190829 190901
3 190903 190908
3 190909 190909
3 190910 190916
3 190923 190923
3 190924 190927
3 190928 191001
3 191003 191009
3 191010 191010
3 191012 191012
3 191013 191014
3 191015 191015
3 191016 191020
3 191023 191023
3 191024 191025
3 191026 191026
3 191027 191102
3 191105 191107
3 191108 191108
3 191110 191110
3 191111 191111
3 191113 191113
3 191114 191120
3 191123 191123
3 191125 191127
3 191128 191128
3 191129 191129
3 191130 191130
3 191203 191203
3 191204 191204
3 191205 191205
3 191206 191206
3 191212 191212
3 191213 191220
3 191222 191225
3 191228 191229
4 190716 190719
4 190720 190720
4 190721 190721
4 190723 190723
4 190724 190724
4 190725 190726
4 190728 190805
4 190807 190809
4 190810 190817
4 190819 190819
4 190820 190826
4 190827 190827
4 190829 190901
4 190902 190908
4 190909 190909
4 190910 190916
4 190922 190923
4 190924 190927
4 190928 191001
4 191002 191009
4 191010 191010
4 191015 191015
4 191016 191020
4 191021 191022
4 191023 191023
4 191024 191025
4 191026 191026
4 191027 191102
4 191105 191107
4 191108 191108
4 191110 191110
4 191111 191111
4 191112 191113
4 191114 191120
4 191124 191124
4 191125 191127
4 191128 191128
4 191129 191129
4 191130 191130
4 191201 191203
4 191204 191204
4 191205 191205
4 191206 191206
4 191212 191212
4 191213 191220
4 191224 191231
5 190701 190801
5 190807 190809
5 190810 190817
5 190819 190819
5 190820 190826
5 190827 190827
5 190829 190901
5 190902 190908
5 190909 190909
5 190910 190916
5 190922 190923
5 190925 190927
5 190928 191001
5 191002 191009
5 191010 191010
5 191011 191014
5 191015 191015
5 191016 191020
5 191021 191022
5 191023 191023
5 191025 191025
5 191026 191026
5 191027 191102
5 191105 191107
5 191108 191108
5 191110 191110
5 191111 191111
5 191112 191113
5 191115 191120
5 191124 191124
5 191125 191127
5 191128 191128
5 191129 191129
5 191130 191130
5 191201 191203
5 191204 191204
5 191205 191205
5 191206 191206
5 191212 191212
5 191213 191220
5 191225 191231
6 190720 190720
6 190721 190721
6 190723 190723
6 190724 190724
6 190725 190726
6 190728 190805
6 190807 190809
6 190810 190817
6 190819 190819
6 190820 190826
6 190827 190827
6 190829 190901
6 190902 190908
6 190909 190909
6 190910 190916
6 190922 190923
6 190926 190927
6 190928 191001
6 191002 191009
6 191010 191013
6 191015 191015
6 191016 191020
6 191021 191022
6 191023 191023
6 191024 191025
6 191026 191026
6 191027 191102
6 191105 191107
6 191108 191108
6 191110 191110
6 191111 191111
6 191112 191113
6 191116 191120
6 191124 191124
6 191125 191127
6 191128 191128
6 191129 191129
6 191130 191130
6 191201 191203
6 191204 191204
6 191205 191205
6 191206 191206
6 191212 191212
6 191213 191220
6 191226 191231
7 190721 190721
7 190723 190723
7 190724 190724
7 190725 190726
7 190728 190805
7 190807 190809
7 190810 190817
7 190819 190819
7 190820 190826
7 190827 190827
7 190829 190901
7 190902 190908
7 190909 190909
7 190910 190916
7 190922 190923
7 190927 190927
7 190928 191001
7 191002 191009
7 191010 191010
7 191015 191015
7 191017 191020
7 191021 191022
7 191023 191023
7 191024 191025
7 191027 191028
7 191029 191102
7 191105 191107
7 191108 191108
7 191110 191110
7 191111 191111
7 191112 191113
7 191114 191114
7 191117 191120
7 191124 191124
7 191125 191127
7 191128 191128
7 191129 191129
7 191130 191130
7 191201 191203
7 191204 191204
7 191205 191205
7 191206 191206
7 191212 191212
7 191213 191220
7 191221 191223
7 191224 191226
7 191227 191231
8 190715 190719
8 190720 190720
8 190721 190721
8 190723 190723
8 190724 190724
8 190725 190726
8 190728 190805
8 190807 190809
8 190810 190817
8 190819 190819
8 190820 190826
8 190827 190827
8 190829 190901
8 190902 190908
8 190909 190909
8 190910 190916
8 190922 190923
8 190924 190927
8 190928 191001
8 191002 191009
8 191013 191014
8 191015 191015
8 191016 191020
8 191021 191022
8 191023 191023
8 191024 191025
8 191026 191026
8 191027 191102
8 191105 191107
8 191108 191108
8 191110 191110
8 191111 191111
8 191112 191113
8 191114 191120
8 191121 191123
8 191125 191127
8 191128 191128
8 191129 191129
8 191130 191130
8 191201 191203
8 191204 191204
8 191205 191205
8 191206 191206
8 191212 191212
8 191213 191220
8 191221 191225
8 191226 191227
8 191228 191231
9 190724 190724
9 190725 190726
9 190728 190805
9 190807 190809
9 190810 190817
9 190819 190819
9 190820 190826
9 190827 190827
9 190829 190901
9 190902 190908
9 190909 190909
9 190910 190916
9 190922 190923
9 190924 190924
9 190925 190927
9 190928 190929
9 190930 190930
9 191001 191001
9 191002 191009
9 191010 191010
9 191019 191019
9 191020 191020
9 191021 191022
9 191023 191023
9 191025 191025
9 191026 191026
9 191027 191102
9 191105 191107
9 191108 191108
9 191110 191110
9 191111 191111
9 191112 191113
9 191114 191114
9 191115 191118
9 191119 191122
9 191124 191124
9 191125 191127
9 191128 191128
9 191129 191129
9 191130 191130
9 191201 191203
9 191204 191204
9 191205 191205
9 191206 191206
9 191212 191212
9 191213 191220
9 191225 191231
10 190716 190719
10 190720 190720
10 190721 190721
10 190723 190723
10 190724 190724
10 190725 190726
10 190728 190805
10 190807 190809
10 190810 190817
10 190819 190819
10 190820 190826
10 190827 190827
10 190829 190901
10 190903 190908
10 190909 190909
10 190910 190916
10 190923 190923
10 190924 190927
10 190928 191001
10 191003 191009
10 191010 191010
10 191013 191014
10 191015 191015
10 191016 191020
10 191023 191023
10 191024 191025
10 191026 191026
10 191027 191102
10 191105 191107
10 191108 191108
10 191110 191110
10 191111 191111
10 191112 191112
10 191113 191113
10 191114 191120
10 191123 191123
10 191125 191127
10 191128 191128
10 191129 191129
10 191130 191130
10 191203 191203
10 191204 191204
10 191205 191205
10 191206 191206
10 191212 191212
10 191213 191220
10 191222 191225
10 191228 191229
11 190717 190719
11 190720 190720
11 190721 190721
11 190723 190723
11 190724 190724
11 190725 190726
11 190728 190805
11 190807 190809
11 190810 190817
11 190819 190819
11 190820 190826
11 190827 190827
11 190829 190901
11 190902 190908
11 190909 190909
11 190910 190916
11 190922 190923
11 190927 190927
11 190928 191001
11 191002 191009
11 191010 191010
11 191015 191015
11 191017 191020
11 191021 191022
11 191023 191023
11 191024 191025
11 191027 191028
11 191029 191102
11 191105 191107
11 191108 191108
11 191110 191110
11 191111 191111
11 191112 191113
11 191114 191114
11 191117 191120
11 191124 191124
11 191125 191127
11 191128 191128
11 191129 191129
11 191130 191130
11 191201 191203
11 191204 191204
11 191205 191205
11 191206 191206
11 191212 191212
11 191213 191220
11 191221 191223
11 191224 191226
11 191227 191231
12 190716 190719
12 190720 190720
12 190721 190721
12 190723 190723
12 190724 190724
12 190725 190726
12 190728 190805
12 190807 190809
12 190810 190817
12 190819 190819
12 190820 190826
12 190827 190827
12 190829 190901
12 190902 190908
12 190909 190909
12 190910 190916
12 190922 190923
12 190924 190927
12 190928 191001
12 191002 191009
12 191010 191010
12 191013 191014
12 191015 191015
12 191016 191020
12 191021 191022
12 191023 191023
12 191024 191025
12 191026 191026
12 191027 191102
12 191105 191107
12 191108 191108
12 191110 191110
12 191111 191112
12 191111 191111
12 191112 191113
12 191114 191120
12 191121 191123
12 191125 191127
12 191128 191128
12 191129 191129
12 191130 191130
12 191201 191203
12 191204 191204
12 191205 191205
12 191206 191206
12 191212 191212
12 191213 191220
12 191221 191225
12 191226 191227
12 191228 191231
13 190724 190724
13 190725 190726
13 190728 190805
13 190807 190809
13 190810 190817
13 190819 190819
13 190820 190826
13 190827 190827
13 190829 190901
13 190902 190908
13 190909 190909
13 190910 190916
13 190922 190923
13 190924 190927
13 190928 191001
13 191002 191009
13 191010 191010
13 191013 191014
13 191015 191015
13 191016 191020
13 191021 191022
13 191023 191023
13 191024 191025
13 191026 191026
13 191027 191102
13 191105 191107
13 191108 191108
13 191110 191110
13 191111 191112
13 191114 191120
13 191121 191123
13 191125 191127
13 191128 191128
13 191129 191129
13 191130 191130
13 191201 191203
13 191204 191204
13 191205 191205
13 191206 191206
13 191207 191209
13 191210 191211
13 191213 191220
13 191221 191225
13 191226 191227
13 191228 191231
14 190714 190720
14 190723 190723
14 190724 190724
14 190725 190726
14 190728 190805
14 190807 190809
14 190810 190817
14 190819 190819
14 190820 190826
14 190827 190827
14 190829 190901
14 190902 190908
14 190909 190909
14 190910 190916
14 190922 190923
14 190927 190927
14 190928 191001
14 191002 191009
14 191010 191010
14 191015 191015
14 191017 191020
14 191021 191022
14 191023 191023
14 191024 191025
14 191027 191028
14 191029 191102
14 191105 191107
14 191108 191108
14 191110 191110
14 191111 191111
14 191112 191113
14 191114 191114
14 191117 191120
14 191124 191124
14 191125 191127
14 191128 191128
14 191129 191129
14 191130 191130
14 191201 191203
14 191204 191204
14 191205 191205
14 191206 191206
14 191212 191212
14 191213 191220
14 191221 191223
14 191224 191226
14 191227 191231
15 190720 190720
15 190721 190721
15 190723 190723
15 190724 190724
15 190725 190726
15 190728 190805
15 190807 190809
15 190815 190817
15 190819 190819
15 190820 190824
15 190825 190826
15 190827 190827
15 190829 190901
15 190903 190908
15 190909 190909
15 190910 190913
15 190915 190916
15 190923 190923
15 190924 190927
15 190928 191001
15 191003 191009
15 191010 191010
15 191013 191014
15 191015 191015
15 191016 191020
15 191023 191023
15 191024 191025
15 191026 191026
15 191027 191102
15 191105 191107
15 191108 191108
15 191110 191110
15 191111 191111
15 191112 191112
15 191113 191113
15 191114 191120
15 191123 191123
15 191125 191127
15 191128 191128
15 191129 191129
15 191130 191130
15 191203 191203
15 191204 191204
15 191205 191205
15 191206 191206
15 191212 191212
15 191213 191220
15 191222 191225
15 191228 191229
16 190720 190720
16 190721 190721
16 190723 190723
16 190724 190724
16 190725 190726
16 190728 190805
16 190807 190809
16 190810 190816
16 190817 190818
16 190819 190819
16 190820 190826
16 190827 190827
16 190829 190901
16 190902 190908
16 190909 190909
16 190910 190916
16 190922 190923
16 190924 190924
16 190925 190927
16 190928 190929
16 190930 190930
16 191001 191001
16 191002 191009
16 191010 191010
16 191016 191019
16 191020 191020
16 191021 191022
16 191023 191023
16 191025 191025
16 191026 191026
16 191027 191102
16 191105 191107
16 191108 191108
16 191110 191110
16 191111 191111
16 191112 191113
16 191114 191114
16 191115 191118
16 191119 191122
16 191124 191124
16 191125 191127
16 191128 191128
16 191129 191129
16 191130 191130
16 191201 191203
16 191204 191204
16 191205 191205
16 191206 191206
16 191212 191212
16 191213 191220
16 191225 191231
17 190720 190720
17 190721 190721
17 190723 190723
17 190724 190724
17 190725 190726
17 190728 190805
17 190807 190809
17 190810 190817
17 190819 190819
17 190820 190826
17 190827 190827
17 190829 190901
17 190902 190908
17 190909 190909
17 190910 190916
17 190922 190923
17 190924 190927
17 190928 191001
17 191002 191009
17 191013 191014
17 191015 191015
17 191016 191020
17 191021 191022
17 191023 191023
17 191024 191025
17 191026 191026
17 191027 191102
17 191105 191107
17 191108 191108
17 191110 191110
17 191111 191111
17 191112 191113
17 191114 191120
17 191121 191123
17 191125 191127
17 191128 191128
17 191129 191129
17 191130 191130
17 191201 191203
17 191204 191204
17 191205 191205
17 191206 191206
17 191212 191212
17 191213 191220
17 191221 191225
17 191226 191227
18 190711 190725
18 190728 190805
18 190807 190809
18 190810 190817
18 190819 190819
18 190820 190826
18 190827 190827
18 190829 190901
18 190902 190908
18 190909 190909
18 190910 190916
18 190922 190923
18 190924 190927
18 190928 191001
18 191002 191009
18 191010 191010
18 191013 191014
18 191015 191015
18 191016 191020
18 191021 191022
18 191023 191023
18 191024 191025
18 191026 191026
18 191027 191102
18 191105 191107
18 191108 191108
18 191110 191110
18 191111 191112
18 191114 191120
18 191121 191123
18 191125 191127
18 191128 191128
18 191129 191129
18 191130 191130
18 191201 191203
18 191204 191204
18 191205 191205
18 191206 191206
18 191212 191220
18 191221 191231
19 190723 190723
19 190724 190724
19 190725 190726
19 190728 190805
19 190807 190809
19 190810 190817
19 190819 190819
19 190820 190826
19 190827 190827
19 190829 190901
19 190902 190908
19 190909 190909
19 190910 190916
19 190922 190923
19 190927 190927
19 190928 191001
19 191002 191009
19 191010 191010
19 191015 191015
19 191017 191020
19 191021 191022
19 191023 191023
19 191024 191025
19 191027 191028
19 191029 191102
19 191105 191107
19 191108 191108
19 191110 191110
19 191111 191111
19 191112 191113
19 191114 191114
19 191117 191120
19 191124 191124
19 191125 191127
19 191128 191128
19 191129 191129
19 191130 191130
19 191201 191203
19 191204 191204
19 191205 191205
19 191206 191206
19 191212 191212
19 191213 191220
19 191221 191223
19 191224 191226
19 191227 191231
20 190716 190719
20 190720 190720
20 190721 190721
20 190723 190723
20 190724 190724
20 190725 190726
20 190728 190805
20 190807 190809
20 190810 190817
20 190819 190819
20 190820 190826
20 190827 190827
20 190829 190901
20 190903 190908
20 190909 190909
20 190910 190916
20 190923 190923
20 190924 190927
20 190928 191001
20 191003 191009
20 191010 191010
20 191013 191014
20 191015 191015
20 191016 191020
20 191023 191023
20 191024 191025
20 191026 191026
20 191027 191102
20 191105 191107
20 191108 191108
20 191110 191110
20 191111 191111
20 191112 191112
20 191113 191113
20 191114 191120
20 191123 191123
20 191125 191127
20 191128 191128
20 191129 191129
20 191130 191130
20 191203 191203
20 191204 191204
20 191205 191205
20 191206 191206
20 191212 191212
20 191213 191220
20 191222 191225
20 191228 191229
21 190601 190801
21 190807 190809
21 190810 190817
21 190819 190819
21 190820 190826
21 190827 190827
21 190829 190901
21 190902 190908
21 190909 190909
21 190910 190916
21 190921 190927
21 190928 191001
21 191002 191009
21 191010 191010
21 191011 191014
21 191015 191015
21 191016 191020
21 191021 191022
21 191023 191023
21 191025 191025
21 191026 191026
21 191027 191102
21 191105 191107
21 191108 191108
21 191110 191110
21 191111 191111
21 191112 191113
21 191115 191120
21 191124 191124
21 191125 191127
21 191128 191128
21 191129 191129
21 191130 191130
21 191201 191203
21 191204 191204
21 191205 191205
21 191206 191206
21 191212 191212
21 191213 191220
21 191221 191231
22 190721 190721
22 190723 190723
22 190724 190724
22 190725 190726
22 190728 190805
22 190807 190809
22 190810 190817
22 190819 190819
22 190820 190826
22 190827 190827
22 190829 190901
22 190902 190908
22 190909 190909
22 190910 190916
22 190922 190923
22 190924 190927
22 190928 191001
22 191002 191009
22 191010 191010
22 191013 191014
22 191015 191015
22 191016 191020
22 191022 191022
22 191023 191023
22 191024 191025
22 191026 191026
22 191027 191102
22 191105 191107
22 191108 191108
22 191110 191110
22 191111 191111
22 191112 191112
22 191112 191113
22 191114 191120
22 191122 191123
22 191125 191127
22 191128 191128
22 191129 191129
22 191130 191130
22 191202 191203
22 191204 191204
22 191205 191205
22 191206 191206
22 191212 191212
22 191213 191220
23 190716 190719
23 190720 190720
23 190721 190721
23 190723 190723
23 190724 190724
23 190725 190726
23 190728 190805
23 190807 190809
23 190810 190817
23 190819 190819
23 190820 190826
23 190827 190827
23 190829 190901
23 190903 190908
23 190909 190909
23 190910 190916
23 190923 190923
23 190924 190927
23 190928 191001
23 191003 191009
23 191010 191010
23 191012 191012
23 191013 191014
23 191015 191015
23 191016 191020
23 191023 191023
23 191024 191025
23 191026 191026
23 191027 191102
23 191105 191107
23 191108 191108
23 191110 191110
23 191111 191111
23 191113 191113
23 191114 191120
23 191123 191123
23 191125 191127
23 191128 191128
23 191129 191129
23 191130 191130
23 191203 191203
23 191204 191204
23 191205 191205
23 191206 191206
23 191212 191212
23 191213 191220
24 190725 190726
24 190728 190805
24 190807 190809
24 190810 190817
24 190819 190819
24 190820 190826
24 190827 190827
24 190829 190901
24 190902 190908
24 190909 190909
24 190910 190916
24 190922 190923
24 190924 190927
24 190928 191001
24 191002 191009
24 191010 191010
24 191015 191015
24 191016 191020
24 191021 191022
24 191023 191023
24 191024 191025
24 191026 191026
24 191027 191102
24 191105 191107
24 191108 191108
24 191110 191110
24 191111 191111
24 191112 191113
24 191114 191120
24 191124 191124
24 191125 191127
24 191128 191128
24 191129 191129
24 191130 191130
24 191201 191203
24 191204 191204
24 191205 191205
24 191206 191206
24 191212 191212
24 191213 191220
25 190714 190715
25 190717 190719
25 190720 190720
25 190721 190721
25 190723 190723
25 190724 190724
25 190725 190726
25 190728 190805
25 190807 190809
25 190810 190817
25 190819 190819
25 190820 190826
25 190827 190827
25 190829 190901
25 190902 190908
25 190909 190909
25 190910 190916
25 190922 190923
25 190927 190927
25 190928 191001
25 191002 191009
25 191010 191010
25 191015 191015
25 191017 191020
25 191021 191022
25 191023 191023
25 191024 191025
25 191027 191028
25 191029 191102
25 191105 191107
25 191108 191108
25 191110 191110
25 191111 191111
25 191112 191113
25 191114 191114
25 191117 191120
25 191124 191124
25 191125 191127
25 191128 191128
25 191129 191129
25 191130 191130
25 191201 191203
25 191204 191204
25 191205 191205
25 191206 191206
25 191212 191212
25 191213 191220
25 191221 191223
25 191224 191224
26 190721 190721
26 190723 190723
26 190724 190724
26 190725 190726
26 190728 190805
26 190807 190809
26 190810 190817
26 190819 190819
26 190820 190826
26 190827 190827
26 190829 190901
26 190902 190908
26 190909 190909
26 190910 190916
26 190922 190923
26 190926 190927
26 190928 191001
26 191002 191009
26 191010 191013
26 191015 191015
26 191016 191020
26 191021 191022
26 191023 191023
26 191024 191025
26 191026 191026
26 191027 191102
26 191105 191107
26 191108 191108
26 191110 191110
26 191111 191111
26 191112 191113
26 191116 191120
26 191124 191124
26 191125 191127
26 191128 191128
26 191129 191129
26 191130 191130
26 191201 191203
26 191204 191204
26 191205 191205
26 191206 191206
26 191212 191212
26 191213 191220
26 191226 191231
27 190716 190719
27 190720 190720
27 190721 190721
27 190723 190723
27 190724 190724
27 190725 190726
27 190728 190805
27 190807 190809
27 190810 190817
27 190819 190819
27 190820 190826
27 190827 190827
27 190829 190901
27 190902 190908
27 190909 190909
27 190910 190916
27 190922 190923
27 190924 190927
27 190928 191001
27 191002 191009
27 191013 191014
27 191015 191015
27 191016 191020
27 191021 191022
27 191023 191023
27 191024 191025
27 191026 191026
27 191027 191102
27 191105 191107
27 191108 191108
27 191110 191110
27 191111 191111
27 191112 191113
27 191114 191120
27 191121 191123
27 191125 191127
27 191128 191128
27 191129 191129
27 191130 191130
27 191201 191203
27 191204 191204
27 191205 191205
27 191206 191206
27 191212 191212
27 191213 191220
27 191221 191225
27 191226 191227
28 190721 190721
28 190723 190723
28 190724 190724
28 190725 190726
28 190728 190805
28 190807 190809
28 190810 190817
28 190819 190819
28 190820 190826
28 190827 190827
28 190829 190901
28 190902 190908
28 190909 190909
28 190910 190916
28 190922 190923
28 190924 190927
28 190928 191001
28 191002 191009
28 191010 191010
28 191013 191014
28 191015 191015
28 191016 191020
28 191021 191022
28 191023 191023
28 191024 191025
28 191026 191026
28 191027 191102
28 191105 191107
28 191108 191108
28 191110 191110
28 191111 191112
28 191114 191120
28 191121 191123
28 191125 191127
28 191128 191128
28 191129 191129
28 191130 191130
28 191201 191203
28 191204 191204
28 191205 191205
28 191206 191206
28 191212 191220
28 191221 191231
29 190717 190719
29 190720 190720
29 190721 190721
29 190723 190723
29 190724 190724
29 190725 190726
29 190728 190805
29 190807 190809
29 190810 190817
29 190819 190819
29 190820 190826
29 190827 190827
29 190829 190901
29 190902 190908
29 190909 190909
29 190910 190916
29 190922 190923
29 190927 190927
29 190928 191001
29 191002 191009
29 191010 191010
29 191015 191015
29 191017 191020
29 191021 191022
29 191023 191023
29 191024 191025
29 191027 191028
29 191029 191102
29 191105 191107
29 191108 191108
29 191110 191110
29 191111 191111
29 191112 191113
29 191114 191114
29 191117 191120
29 191124 191124
29 191125 191127
29 191128 191128
29 191129 191129
29 191130 191130
29 191201 191203
29 191204 191204
29 191205 191205
29 191206 191206
29 191212 191212
29 191213 191220
29 191221 191223
29 191224 191226
30 190721 190721
30 190723 190723
30 190724 190724
30 190725 190726
30 190728 190805
30 190807 190809
30 190810 190817
30 190819 190819
30 190820 190826
30 190827 190827
30 190829 190901
30 190903 190908
30 190909 190909
30 190910 190916
30 190923 190923
30 190924 190927
30 190928 191001
30 191003 191009
30 191010 191010
30 191012 191012
30 191013 191014
30 191015 191015
30 191016 191020
30 191023 191023
30 191024 191025
30 191026 191026
30 191027 191102
30 191105 191107
30 191108 191108
30 191110 191110
30 191111 191111
30 191113 191113
30 191114 191120
30 191123 191123
30 191125 191127
30 191128 191128
30 191129 191129
30 191130 191130
30 191203 191203
30 191204 191204
30 191205 191205
30 191206 191206
30 191212 191212
30 191213 191220
30 191222 191225
30 191228 191229